123,300,378,494,261,403,66,286,171,350,245,4,407,401,265,52,426,
142,290,122,483,24,178,386,143,331,275,335,388,312,371,202,10,27,
231,478,94,267,333,222,459,145,11,466,344,353,373,414,367,400,383,
53,354,73,423,93,262,256,47,190,472,369,450,323,203,6,314,161,
477,29,491,348,253,157,215,322,362,329,488,233,392,198,227,194,455,
181,38,217,271,266,372,204,436,12,428,317,214,387,174,363,325,343,
434,339,303,43,92,451,326,166,454,390,148,57,116,380,476,431,91,
272,110,210,433,239,117,50,36,206,46,254,124,258,297,398,55,489,
397,48,438,88,244,80,0,44,485,184,13,219,71,67,288,276,495,
23,121,318,374,358,402,100,467,213,185,338,170,366,389,446,432,268,
135,411,461,30,309,197,42,368,242,126,97,274,32,224,111,132,175,
120,136,395,172,248,81,291,113,45,311,153,346,127,394,139,316,427,
165,85,376,107,186,453,229,180,70,86,163,20,285,75,133,399,211,
480,177,328,96,152,234,51,65,162,298,189,115,119,17,283,417,2,
410,313,250,421,183,277,147,320,280,1,424,324,464,294,196,487,341,
301,103,79,7,437,375,249,21,159,237,471,56,19,205,18,151,209,
39,150,492,218,412,114,474,340,83,138,416,125,78,413,134,87,349,
72,221,40,284,84,310,15,131,146,60,442,499,168,61,101,76,419,
3,118,282,490,439,64,406,255,382,447,212,441,334,228,225,188,449,
199,232,307,130,469,357,223,208,293,308,200,299,128,90,443,241,355,
236,330,361,112,41,62,167,260,8,247,457,246,456,319,243,281,
259,141,176,191,252,187,468,137,270,201,22,409,292,182,415,102,
463,14,35,304,385,452,482,496,440,347,418,342,356,68,393,486,
391,63,95,306,287,169,105,106,352,140,31,269,28,296,458,379,
405,226,108,9,360,430,5,435,99,278,179,462,207,473,33,129,
82,251,364,104,164,327,384,149,264,345,158,273,238,315,321,25,
305,154,289,370,337,173,425,155,54,49,279,408,34,444,445,475,
332,302,396,498,404,156,470,484,422,493,240,109,336,460,497,381,
263,69,74,26,420,481,144,216,193,429,37,351,89,59,77,192,
160,365,16,377,465,230,58,257,220,479,195,359,235,98,295,448,
